batch_norm: false
final_lr: 0.004670032591604472
init_lr: 0.0027519340772311877
max_lr: 0.015372150693144746
metrics: list
warmup_epochs: 5
